# final map from dev tree: logical length type devid physical [devid2 physical2]
13631488 8388608 1 1 13631488
30408704 1073741824 36 1 38797312 1 1112539136
1104150528 1073741824 1 1 2186280960
2177892352 1073741824 1 1 3260022784
3251634176 1073741824 1 1 4333764608
4325376000 1073741824 1 1 5407506432
5399117824 1073741824 1 1 6481248256
6472859648 1073741824 1 1 7554990080
7546601472 1073741824 1 1 9702473728
8620343296 1073741824 1 1 8628731904
9694085120 1073741824 1 1 10776215552
10767826944 1073741824 1 1 11849957376
13989052416 1073741824 1 1 15071182848
15062794240 1073741824 1 1 16144924672
19357761536 1073741824 1 1 20439891968
20431503360 1073741824 1 1 21513633792
21505245184 1073741824 1 1 22587375616
23652728832 1073741824 1 1 24734859264
24726470656 1073741824 1 1 25808601088
25800212480 1073741824 1 1 26882342912
26873954304 1073741824 1 1 19366150144
27947696128 1073741824 1 1 23661117440
29021437952 1073741824 1 1 27956084736
30095179776 1073741824 1 1 29029826560
31168921600 1073741824 1 1 30103568384
32242663424 1073741824 1 1 31177310208
33316405248 1073741824 1 1 32251052032
34390147072 1073741824 1 1 33324793856
35463888896 1073741824 1 1 34398535680
36537630720 1073741824 1 1 35472277504
37611372544 1073741824 1 1 36546019328
38685114368 1073741824 1 1 37619761152
39758856192 1073741824 1 1 38693502976
40832598016 1073741824 1 1 39767244800
44053823488 1073741824 1 1 41914728448
45127565312 1073741824 1 1 44062212096
46201307136 1073741824 1 1 45135953920
55864983552 1073741824 1 1 54799630336
61233692672 1073741824 1 1 60168339456
64454918144 1073741824 1 1 63389564928
65528659968 1073741824 1 1 64463306752
66602401792 1073741824 1 1 65537048576
67676143616 1073741824 1 1 66610790400
73044852736 1073741824 1 1 71979499520
74118594560 1073741824 1 1 73053241344
77339820032 1073741824 1 1 76274466816
78413561856 1073741824 36 1 77348208640 1 78421950464
79487303680 1073741824 1 1 79495692288
82708529152 1073741824 1 1 82716917760
83782270976 1073741824 1 1 83790659584
85929754624 1073741824 1 1 85938143232
94519689216 1073741824 1 1 94528077824
96667172864 1073741824 1 1 96675561472
99888398336 1073741824 1 1 99896786944
100962140160 1073741824 1 1 100970528768
102035881984 1073741824 1 1 102044270592
103109623808 1073741824 1 1 103118012416
104183365632 1073741824 1 1 104191754240
105257107456 1073741824 1 1 105265496064
106330849280 1073741824 1 1 106339237888
109552074752 1073741824 1 1 109560463360
113847042048 1073741824 1 1 113855430656
114920783872 1073741824 1 1 114929172480
115994525696 1073741824 1 1 116002914304
117068267520 1073741824 1 1 117076656128
118142009344 1073741824 1 1 118150397952
119215751168 1073741824 1 1 119224139776
120289492992 1073741824 1 1 120297881600
121363234816 1073741824 1 1 121371623424
122436976640 1073741824 1 1 122445365248
123510718464 1073741824 1 1 123519107072
125658202112 1073741824 1 1 125666590720
126731943936 1073741824 1 1 107412979712
127805685760 1073741824 1 1 124592848896
128879427584 1073741824 1 1 126740332544
129953169408 1073741824 1 1 127814074368
131026911232 1073741824 1 1 128887816192
132100653056 1073741824 1 1 129961558016
133174394880 1073741824 1 1 131035299840
134248136704 1073741824 1 1 132109041664
135321878528 1073741824 1 1 133182783488
136395620352 1073741824 1 1 134256525312
137469362176 1073741824 1 1 135330267136
138543104000 1073741824 1 1 136404008960
139616845824 1073741824 1 1 137477750784
140690587648 1073741824 1 1 138551492608
142838071296 1073741824 1 1 140698976256
143911813120 1073741824 1 1 141772718080
144985554944 1073741824 1 1 142846459904
146059296768 1073741824 1 1 143920201728
148206780416 1073741824 1 1 146067685376
149280522240 1073741824 1 1 147141427200
152501747712 1073741824 1 1 150362652672
153575489536 1073741824 1 1 151436394496
154649231360 1073741824 1 1 152510136320
156796715008 1073741824 1 1 154657619968
157870456832 1073741824 1 1 155731361792
161091682304 1073741824 1 1 158952587264
164312907776 1073741824 1 1 162173812736
167534133248 1073741824 1 1 165395038208
169681616896 1073741824 1 1 167542521856
170755358720 1073741824 1 1 168616263680
171829100544 1073741824 1 1 169690005504
173976584192 1073741824 1 1 171837489152
178271551488 1073741824 1 1 176132456448
179345293312 1073741824 1 1 177206198272
180419035136 1073741824 1 1 178279940096
181492776960 1073741824 1 1 179353681920
184714002432 1073741824 1 1 182574907392
186861486080 1073741824 1 1 184722391040
187935227904 1073741824 1 1 185796132864
192230195200 1073741824 1 1 190091100160
193303937024 1073741824 1 1 191164841984
195451420672 1073741824 1 1 193312325632
196525162496 1073741824 1 1 194386067456
198672646144 1073741824 1 1 196533551104
199746387968 1073741824 1 1 197607292928
204041355264 1073741824 1 1 201902260224
206188838912 1073741824 1 1 204049743872
207262580736 1073741824 1 1 205123485696
209410064384 1073741824 1 1 207270969344
210483806208 1073741824 1 1 208344711168
211557548032 1073741824 1 1 209418452992
213705031680 1073741824 1 1 211565936640
216926257152 1073741824 1 1 214787162112
222294966272 1073741824 1 1 220155871232
223368708096 1073741824 1 1 221229613056
224442449920 1073741824 1 1 222303354880
225516191744 1073741824 1 1 223377096704
226589933568 1073741824 1 1 224450838528
227663675392 1073741824 1 1 225524580352
228737417216 1073741824 1 1 226598322176
229811159040 1073741824 1 1 227672064000
230884900864 1073741824 1 1 228745805824
231958642688 1073741824 1 1 229819547648
233032384512 1073741824 1 1 230893289472
234106126336 1073741824 1 1 231967031296
235179868160 1073741824 1 1 233040773120
236253609984 1073741824 1 1 234114514944
237327351808 1073741824 1 1 235188256768
238401093632 1073741824 1 1 236261998592
239474835456 1073741824 1 1 237335740416
240548577280 1073741824 1 1 238409482240
241622319104 1073741824 1 1 239483224064
242696060928 1073741824 1 1 240556965888
243769802752 1073741824 1 1 241630707712
244843544576 1073741824 1 1 242704449536
245917286400 1073741824 1 1 243778191360
246991028224 1073741824 1 1 244851933184
248064770048 1073741824 1 1 245925675008
249138511872 1073741824 1 1 246999416832
250212253696 1073741824 1 1 248073158656
251285995520 1073741824 1 1 249146900480
252359737344 1073741824 1 1 250220642304
253433479168 1073741824 1 1 251294384128
254507220992 1073741824 1 1 252368125952
257728446464 1073741824 1 1 255589351424
258802188288 1073741824 1 1 256663093248
259875930112 1073741824 1 1 257736835072
260949671936 1073741824 1 1 258810576896
262023413760 1073741824 1 1 259884318720
263097155584 1073741824 1 1 260958060544
264170897408 1073741824 1 1 262031802368
265244639232 1073741824 1 1 263105544192
266318381056 1073741824 1 1 264179286016
267392122880 1073741824 1 1 265253027840
268465864704 1073741824 1 1 266326769664
269539606528 1073741824 1 1 267400511488
270613348352 1073741824 1 1 268474253312
271687090176 1073741824 1 1 269547995136
272760832000 1073741824 1 1 270621736960
273834573824 1073741824 1 1 271695478784
274908315648 1073741824 1 1 272769220608
275982057472 1073741824 1 1 273842962432
277055799296 1073741824 1 1 274916704256
278129541120 1073741824 1 1 275990446080
279203282944 1073741824 1 1 277064187904
280277024768 1073741824 1 1 278137929728
281350766592 1073741824 1 1 279211671552
282424508416 1073741824 1 1 280285413376
283498250240 1073741824 1 1 281359155200
287793217536 1073741824 1 1 285654122496
288866959360 1073741824 1 1 286727864320
291014443008 1073741824 1 1 288875347968
292088184832 1073741824 1 1 289949089792
293161926656 1073741824 1 1 291022831616
294235668480 1073741824 1 1 292096573440
295309410304 1073741824 1 1 293170315264
297456893952 1073741824 1 1 295317798912
298530635776 1073741824 1 1 296391540736
299604377600 1073741824 1 1 297465282560
301751861248 1073741824 1 1 299612766208
302825603072 1073741824 1 1 300686508032
303899344896 1073741824 1 1 301760249856
304973086720 1073741824 1 1 302833991680
306046828544 1073741824 1 1 303907733504
307120570368 1073741824 1 1 304981475328
308194312192 1073741824 1 1 306055217152
309268054016 1073741824 1 1 307128958976
312489279488 1073741824 1 1 310350184448
315710504960 1073741824 1 1 313571409920
316784246784 1073741824 1 1 314645151744
317857988608 1073741824 1 1 315718893568
318931730432 1073741824 1 1 316792635392
320005472256 1073741824 1 1 317866377216
321079214080 1073741824 1 1 318940119040
322152955904 1073741824 1 1 320013860864
323226697728 1073741824 1 1 321087602688
324300439552 1073741824 1 1 322161344512
325374181376 1073741824 1 1 323235086336
326447923200 1073741824 1 1 325382569984
327521665024 1073741824 1 1 324308828160
328595406848 1073741824 1 1 326456311808
329669148672 1073741824 1 1 327530053632
330742890496 1073741824 1 1 328603795456
331816632320 1073741824 1 1 329677537280
333964115968 1073741824 1 1 331825020928
335037857792 1073741824 1 1 332898762752
336111599616 1073741824 1 1 333972504576
337185341440 1073741824 1 1 335046246400
338259083264 1073741824 1 1 336119988224
339332825088 1073741824 1 1 337193730048
340406566912 1073741824 1 1 338267471872
341480308736 1073741824 1 1 339341213696
343627792384 1073741824 1 1 341488697344
344701534208 1073741824 1 1 342562439168
345775276032 1073741824 1 1 343636180992
346849017856 1073741824 1 1 344709922816
347922759680 1073741824 1 1 345783664640
348996501504 1073741824 1 1 346857406464
350070243328 1073741824 1 1 347931148288
351143985152 1073741824 1 1 349004890112
352217726976 1073741824 1 1 350078631936
353291468800 1073741824 1 1 351152373760
354365210624 1073741824 1 1 352226115584
355438952448 1073741824 1 1 353299857408
357586436096 1073741824 1 1 355447341056
358660177920 1073741824 1 1 356521082880
359733919744 1073741824 1 1 354373599232
360807661568 1073741824 1 1 357594824704
361881403392 1073741824 1 1 358668566528
362955145216 1073741824 1 1 359742308352
364028887040 1073741824 1 1 360816050176
365102628864 1073741824 1 1 361889792000
366176370688 1073741824 1 1 362963533824
367250112512 1073741824 1 1 364037275648
368323854336 1073741824 1 1 365111017472
370471337984 1073741824 1 1 367258501120
371545079808 1073741824 1 1 368332242944
372618821632 1073741824 1 1 369405984768
373692563456 1073741824 1 1 366184759296
374766305280 1073741824 1 1 370479726592
375840047104 1073741824 1 1 371553468416
376913788928 1073741824 1 1 372627210240
377987530752 1073741824 1 1 373700952064
379061272576 1073741824 1 1 374774693888
380135014400 1073741824 1 1 375848435712
381208756224 1073741824 1 1 376922177536
382282498048 1073741824 1 1 377995919360
383356239872 1073741824 1 1 379069661184
384429981696 1073741824 1 1 380143403008
385503723520 1073741824 1 1 381217144832
386577465344 1073741824 1 1 382290886656
387651207168 1073741824 1 1 383364628480
388724948992 1073741824 1 1 384438370304
389798690816 1073741824 1 1 385512112128
390872432640 1073741824 1 1 386585853952
391946174464 1073741824 1 1 387659595776
394093658112 1073741824 1 1 389807079424
396241141760 1073741824 1 1 391954563072
398388625408 1073741824 1 1 394102046720
401609850880 1073741824 1 1 397323272192
403757334528 1073741824 1 1 399470755840
404831076352 1073741824 1 1 400544497664
405904818176 1073741824 1 1 401618239488
406978560000 1073741824 1 1 402691981312
408052301824 1073741824 1 1 403765723136
409126043648 1073741824 1 1 404839464960
410199785472 1073741824 1 1 405913206784
411273527296 1073741824 1 1 406986948608
412347269120 1073741824 1 1 408060690432
413421010944 1073741824 1 1 409134432256
414494752768 1073741824 1 1 410208174080
415568494592 1073741824 1 1 411281915904
416642236416 1073741824 1 1 412355657728
417715978240 1073741824 1 1 413429399552
418789720064 1073741824 1 1 414503141376
419863461888 1073741824 1 1 415576883200
422010945536 1073741824 1 1 417724366848
423084687360 1073741824 1 1 418798108672
441338298368 1073741824 1 1 437051719680
442412040192 1073741824 1 1 438125461504
444559523840 1073741824 1 1 440272945152
445633265664 1073741824 1 1 441346686976
446707007488 1073741824 1 1 442420428800
448854491136 1073741824 1 1 444567912448
451001974784 1073741824 1 1 446715396096
452075716608 1073741824 1 1 447789137920
456370683904 1073741824 1 1 452084105216
462813134848 1073741824 1 1 458526556160
474624294912 1073741824 1 1 470337716224
476771778560 1073741824 1 1 472485199872
481066745856 1073741824 1 1 476780167168
482140487680 1073741824 1 1 477853908992
483214229504 1073741824 1 1 478927650816
484287971328 1073741824 1 1 480001392640
486435454976 1073741824 1 1 482148876288
487509196800 1073741824 1 1 483222618112
488582938624 1073741824 1 1 484296359936
489656680448 1073741824 36 1 485370101760 1 486443843584
490730422272 1073741824 1 1 487517585408
491804164096 1073741824 1 1 488591327232
493951647744 1073741824 1 1 490738810880
495025389568 1073741824 1 1 491812552704
496099131392 1073741824 1 1 492886294528
498246615040 1073741824 1 1 493960036352
501467840512 1073741824 1 1 497181261824
502541582336 1073741824 1 1 498255003648
522942676992 1073741824 1 1 518656098304
524016418816 1073741824 1 1 519729840128
525090160640 1073741824 1 1 520803581952
527237644288 1073741824 1 1 522951065600
529385127936 1073741824 1 1 525098549248
530458869760 1073741824 1 1 526172291072
531532611584 1073741824 1 1 527246032896
533680095232 1073741824 1 1 529393516544
534753837056 1073741824 1 1 530467258368
535827578880 1073741824 1 1 531541000192
536901320704 1073741824 1 1 532614742016
537975062528 1073741824 1 1 533688483840
539048804352 1073741824 1 1 534762225664
540122546176 1073741824 1 1 535835967488
541196288000 1073741824 1 1 536909709312
542270029824 1073741824 1 1 537983451136
544417513472 1073741824 1 1 540130934784
548712480768 1073741824 1 1 544425902080
563744866304 1073741824 1 1 559458287616
565892349952 1073741824 1 1 561605771264
566966091776 1073741824 1 1 562679513088
568039833600 1073741824 1 1 563753254912
569113575424 1073741824 1 1 564826996736
570187317248 1073741824 1 1 565900738560
571261059072 1073741824 1 1 566974480384
572334800896 1073741824 1 1 568048222208
573408542720 1073741824 1 1 569121964032
574482284544 1073741824 1 1 570195705856
583072219136 1073741824 1 1 578785640448
585219702784 1073741824 1 1 580933124096
593809637376 1073741824 1 1 589523058688
597030862848 1073741824 1 1 592744284160
598104604672 1073741824 1 1 593818025984
599178346496 1073741824 1 1 594891767808
600252088320 1073741824 1 1 595965509632
602399571968 1073741824 1 1 598112993280
604547055616 1073741824 1 1 600260476928
606694539264 1073741824 1 1 602407960576
610989506560 1073741824 1 1 606702927872
612063248384 1073741824 1 1 607776669696
613136990208 1073741824 1 1 608850411520
614210732032 1073741824 1 1 609924153344
615284473856 1073741824 1 1 610997895168
616358215680 1073741824 1 1 612071636992
623874408448 1073741824 1 1 619587829760
627095633920 1073741824 1 1 622809055232
630316859392 1073741824 1 1 626030280704
631390601216 1073741824 1 1 627104022528
633538084864 1073741824 1 1 629251506176
634611826688 1073741824 1 1 630325248000
637833052160 1073741824 1 1 633546473472
651791695872 1073741824 1 1 647505117184
652865437696 1073741824 1 1 648578859008
653939179520 1073741824 1 1 649652600832
656086663168 1073741824 1 1 651800084480
657160404992 1073741824 1 1 652873826304
659307888640 1073741824 1 1 655021309952
660381630464 1073741824 1 1 656095051776
661455372288 1073741824 1 1 657168793600
662529114112 1073741824 1 1 658242535424
667897823232 1073741824 1 1 663611244544
668971565056 1073741824 1 1 664684986368
672192790528 1073741824 1 1 667906211840
674340274176 1073741824 1 1 670053695488
686151434240 1073741824 1 1 681864855552
689372659712 1073741824 1 1 685086081024
692593885184 1073741824 1 1 688307306496
693667627008 1073741824 1 1 689381048320
694741368832 1073741824 1 1 690454790144
695815110656 1073741824 1 1 691528531968
697962594304 1073741824 1 1 693676015616
699036336128 1073741824 1 1 694749757440
700110077952 1073741824 1 1 695823499264
704405045248 1073741824 1 1 700118466560
707626270720 1073741824 1 1 703339692032
710847496192 1073741824 1 1 706560917504
711921238016 1073741824 1 1 707634659328
712994979840 1073741824 1 1 708708401152
715142463488 1073741824 1 1 710855884800
716216205312 1073741824 1 1 711929626624
717289947136 1073741824 1 1 713003368448
718363688960 1073741824 1 1 714077110272
720511172608 1073741824 1 1 716224593920
722658656256 1073741824 1 1 718372077568
723732398080 1073741824 1 1 719445819392
724806139904 1073741824 1 1 720519561216
725879881728 1073741824 1 1 721593303040
726953623552 1073741824 1 1 722667044864
728027365376 1073741824 1 1 723740786688
729101107200 1073741824 1 1 724814528512
731248590848 1073741824 1 1 726962012160
732322332672 1073741824 1 1 728035753984
735543558144 1073741824 1 1 731256979456
736617299968 1073741824 1 1 732330721280
737691041792 1073741824 1 1 733404463104
738764783616 1073741824 1 1 734478204928
739838525440 1073741824 1 1 735551946752
740912267264 1073741824 1 1 736625688576
741986009088 1073741824 1 1 737699430400
747354718208 1073741824 1 1 743068139520
750575943680 1073741824 1 1 746289364992
752723427328 1073741824 1 1 748436848640
753797169152 1073741824 1 1 749510590464
754870910976 1073741824 1 1 750584332288
755944652800 1073741824 1 1 751658074112
757018394624 1073741824 1 1 752731815936
758092136448 1073741824 1 1 753805557760
759165878272 1073741824 1 1 754879299584
760239620096 1073741824 1 1 755953041408
761313361920 1073741824 1 1 757026783232
762387103744 1073741824 1 1 758100525056
763460845568 1073741824 1 1 759174266880
764534587392 1073741824 1 1 760248008704
765608329216 1073741824 1 1 761321750528
766682071040 1073741824 1 1 762395492352
767755812864 1073741824 1 1 763469234176
768829554688 1073741824 1 1 764542976000
774198263808 1073741824 1 1 767764201472
778493231104 1073741824 1 1 772059168768
780640714752 1073741824 1 1 774206652416
783861940224 1073741824 1 1 777427877888
784935682048 1073741824 1 1 778501619712
786009423872 1073741824 1 1 779575361536
787083165696 1073741824 1 1 780649103360
788156907520 1073741824 36 1 781722845184 1 782796587008
789230649344 1073741824 1 1 783870328832
790304391168 1073741824 1 1 784944070656
791378132992 1073741824 1 1 786017812480
793525616640 1073741824 1 1 788165296128
794599358464 1073741824 1 1 787091554304
795673100288 1073741824 1 1 789239037952
796746842112 1073741824 1 1 790312779776
797820583936 1073741824 1 1 791386521600
798894325760 1073741824 1 1 792460263424
799968067584 1073741824 1 1 793534005248
801041809408 1073741824 1 1 794607747072
803189293056 1073741824 1 1 388733337600
805336776704 1073741824 1 1 393028304896
806410518528 1073741824 1 1 395175788544
807484260352 1073741824 1 1 396249530368
810705485824 1073741824 1 1 797828972544
811779227648 1073741824 1 1 798902714368
812852969472 1073741824 1 1 799976456192
813926711296 1073741824 1 1 801050198016
815000453120 1073741824 1 1 802123939840
817147936768 1073741824 1 1 398397014016
818221678592 1073741824 1 1 796755230720
819295420416 1073741824 1 1 804271423488
820369162240 1073741824 1 1 805345165312
821442904064 1073741824 1 1 806418907136
822516645888 1073741824 1 1 807492648960
823590387712 1073741824 1 1 808566390784
825737871360 1073741824 1 1 810713874432
830032838656 1073741824 1 1 815008841728
831106580480 1073741824 1 1 816082583552
832180322304 1073741824 1 1 817156325376
833254064128 1073741824 1 1 818230067200
834327805952 1073741824 1 1 819303809024
835401547776 1073741824 1 1 820377550848
836475289600 1073741824 1 1 821451292672
837549031424 1073741824 1 1 822525034496
838622773248 1073741824 1 1 823598776320
840770256896 1073741824 1 1 825746259968
841843998720 1073741824 1 1 826820001792
843991482368 1073741824 1 1 828967485440
848286449664 1073741824 1 1 833262452736
849360191488 1073741824 1 1 834336194560
850433933312 1073741824 1 1 835409936384
851507675136 1073741824 1 1 836483678208
855802642432 1073741824 1 1 840778645504
859023867904 1073741824 1 1 843999870976
862245093376 1073741824 1 1 847221096448
863318835200 1073741824 1 1 848294838272
864392577024 1073741824 1 1 849368580096
866540060672 1073741824 1 1 851516063744
867613802496 1073741824 1 1 850442321920
868687544320 1073741824 1 1 852589805568
869761286144 1073741824 1 1 853663547392
870835027968 1073741824 1 1 854737289216
871908769792 1073741824 1 1 855811031040
872982511616 1073741824 1 1 856884772864
874056253440 1073741824 1 1 857958514688
877277478912 1073741824 1 1 861179740160
878351220736 1073741824 1 1 862253481984
879424962560 1073741824 1 1 863327223808
881572446208 1073741824 1 1 865474707456
882646188032 1073741824 1 1 864400965632
883719929856 1073741824 1 1 866548449280
884793671680 1073741824 1 1 867622191104
885867413504 1073741824 1 1 868695932928
886941155328 1073741824 1 1 869769674752
888014897152 1073741824 1 1 870843416576
889088638976 1073741824 1 1 489665069056
890162380800 1073741824 1 1 871917158400
891236122624 1073741824 1 1 872990900224
892309864448 1073741824 1 1 874064642048
893383606272 1073741824 1 1 875138383872
894457348096 1073741824 1 1 876212125696
895531089920 1073741824 1 1 877285867520
896604831744 1073741824 1 1 878359609344
903047282688 1073741824 1 1 884802060288
904121024512 1073741824 1 1 885875802112
911637217280 1073741824 1 1 893391994880
913784700928 1073741824 1 1 895539478528
918079668224 1073741824 1 1 899834445824
920227151872 1073741824 1 1 901981929472
921300893696 1073741824 1 1 903055671296
923448377344 1073741824 1 1 905203154944
925595860992 1073741824 1 1 907350638592
926669602816 1073741824 36 1 908424380416 1 909498122240
927743344640 1073741824 1 1 910571864064
928817086464 1073741824 1 1 613145378816
943849472000 1073741824 1 1 635693957120
952439406592 1073741824 1 1 644283891712
954586890240 1073741824 1 1 659316277248
956734373888 1073741824 1 1 661463760896
957808115712 1073741824 1 1 662537502720
964250566656 1073741824 1 1 674348662784
978209210368 1073741824 1 1 697970982912
979282952192 1073741824 1 1 699044724736
999684046848 1073741824 1 1 922383024128
1042633719808 1073741824 1 1 952447795200
1043707461632 1073741824 1 1 953521537024
1044781203456 1073741824 1 1 954595278848
1051223654400 1073741824 1 1 423093075968
1057666105344 1073741824 1 1 429535526912
1085583392768 1073741824 1 1 467116490752
1086657134592 1073741824 1 1 468190232576
1088804618240 1073741824 1 1 471411458048
1090952101888 1073741824 1 1 474632683520
1095247069184 1073741824 1 1 496107520000
1098468294656 1073741824 1 1 501476229120
1099542036480 1073741824 1 1 502549970944
1100615778304 1073741824 36 1 110634205184 1 111707947008
1101689520128 1073741824 1 1 108486721536
1102763261952 1073741824 1 1 112781688832
1103837003776 1073741824 1 1 282432897024
1104910745600 1073741824 1 1 283506638848
1107058229248 1073741824 1 1 287801606144
1111353196544 1073741824 1 1 309276442624
1112426938368 1073741824 1 1 311423926272
1113500680192 1073741824 1 1 312497668096
1114574422016 1073741824 1 1 340414955520
1115648163840 1073741824 36 1 419871850496 1 420945592320
1116721905664 1073741824 1 1 416650625024
1117795647488 1073741824 1 1 422019334144
1118869389312 1073741824 1 1 503623712768
1119943131136 1073741824 1 1 504697454592
1121016872960 1073741824 1 1 505771196416
1122090614784 1073741824 1 1 506844938240
1123164356608 1073741824 1 1 507918680064
1124238098432 1073741824 1 1 508992421888
1125311840256 1073741824 1 1 510066163712
1126385582080 1073741824 1 1 511139905536
1127459323904 1073741824 1 1 512213647360
1128533065728 1073741824 1 1 513287389184
1129606807552 1073741824 1 1 514361131008
1130680549376 1073741824 1 1 515434872832
1131754291200 1073741824 1 1 516508614656
1132828033024 1073741824 1 1 517582356480
1133901774848 1073741824 1 1 521877323776
1134975516672 1073741824 1 1 524024807424
1136049258496 1073741824 1 1 541204676608
1137123000320 1073741824 1 1 542278418432
1138196742144 1073741824 1 1 543352160256
1139270483968 1073741824 1 1 545499643904
1140344225792 1073741824 1 1 546573385728
1141417967616 1073741824 1 1 547647127552
1142491709440 1073741824 1 1 548720869376
1143565451264 1073741824 1 1 549794611200
1144639193088 1073741824 1 1 550868353024
1145712934912 1073741824 1 1 551942094848
1146786676736 1073741824 1 1 553015836672
1147860418560 1073741824 1 1 554089578496
1148934160384 1073741824 1 1 555163320320
1150007902208 1073741824 1 1 556237062144
1152155385856 1073741824 1 1 558384545792
1153229127680 1073741824 1 1 560532029440
1154302869504 1073741824 1 1 572343189504
1155376611328 1073741824 1 1 573416931328
1156450353152 1073741824 1 1 574490673152
1157524094976 1073741824 1 1 575564414976
1158597836800 1073741824 1 1 576638156800
1159671578624 1073741824 1 1 577711898624
1160745320448 1073741824 1 1 579859382272
1161819062272 1073741824 1 1 582006865920
1162892804096 1073741824 1 1 583080607744
1163966545920 1073741824 1 1 584154349568
1165040287744 1073741824 1 1 585228091392
1169335255040 1073741824 1 1 590596800512
1171482738688 1073741824 1 1 599186735104
1173630222336 1073741824 1 1 603481702400
1174703964160 1073741824 1 1 604555444224
1175777705984 1073741824 1 1 605629186048
1176851447808 1073741824 1 1 614219120640
1177925189632 1073741824 1 1 615292862464
1178998931456 1073741824 1 1 616366604288
1180072673280 1073741824 1 1 617440346112
1181146415104 1073741824 1 1 618514087936
1182220156928 1073741824 1 1 620661571584
1183293898752 1073741824 1 1 621735313408
1185441382400 1073741824 1 1 624956538880
1186515124224 1073741824 1 1 628177764352
1188662607872 1073741824 1 1 634620215296
1189736349696 1073741824 1 1 645357633536
1190810091520 1073741824 1 1 646431375360
1191883833344 1073741824 1 1 660390019072
1194031316992 1073741824 1 1 666832470016
1195105058816 1073741824 1 1 668979953664
1198326284288 1073741824 1 1 673274920960
1199400026112 1073741824 1 1 675422404608
1200473767936 1073741824 1 1 676496146432
1201547509760 1073741824 1 1 677569888256
1202621251584 1073741824 1 1 678643630080
1203694993408 1073741824 1 1 679717371904
1204768735232 1073741824 1 1 680791113728
1205842477056 1073741824 1 1 682938597376
1206916218880 1073741824 1 1 684012339200
1211211186176 1073741824 1 1 696897241088
1213358669824 1073741824 1 1 702265950208
1214432411648 1073741824 1 1 709782142976
1216579895296 1073741824 1 1 730183237632
1219801120768 1073741824 1 1 824672518144
1221948604416 1073741824 1 1 831114969088
1232686022656 1073741824 1 1 926677991424
1233759764480 1073741824 1 1 927751733248
1234833506304 1073741824 1 1 928825475072
1236980989952 1073741824 1 1 930972958720
1244497182720 1073741824 1 1 943857860608
1245570924544 1073741824 1 1 944931602432
1246644666368 1073741824 1 1 948152827904
1247718408192 1073741824 1 1 955669020672
1248792150016 1073741824 1 1 956742762496
1250939633664 1073741824 1 1 958890246144
1254160859136 1073741824 1 1 962111471616
1258455826432 1073741824 1 1 966406438912
1260603310080 1073741824 1 1 968553922560
1264898277376 1073741824 1 1 972848889856
1265972019200 1073741824 1 1 973922631680
1267045761024 1073741824 1 1 974996373504
1268119502848 1073741824 1 1 976070115328
1269193244672 1073741824 1 1 977143857152
1270266986496 1073741824 1 1 978217598976
1271340728320 1073741824 1 1 979291340800
1272414470144 1073741824 1 1 980365082624
1273488211968 1073741824 1 1 981438824448
1274561953792 1073741824 1 1 982512566272
1275635695616 1073741824 1 1 983586308096
1276709437440 1073741824 1 1 984660049920
1277783179264 1073741824 1 1 985733791744
1278856921088 1073741824 1 1 986807533568
1279930662912 1073741824 1 1 987881275392
1282078146560 1073741824 1 1 990028759040
1284225630208 1073741824 1 1 992176242688
1323769528320 1073741824 1 1 294244057088
1324843270144 1073741824 1 1 298539024384
1325917011968 1073741824 1 1 308202700800
1345244364800 1073741824 1 1 453157847040
1346318106624 1073741824 1 1 454231588864
1351686815744 1073741824 1 1 460674039808
1353834299392 1073741824 1 1 462821523456
1354908041216 1073741824 1 1 463895265280
1358129266688 1073741824 1 1 428461785088
1359203008512 1073741824 1 1 284580380672
1361350492160 1073741824 1 1 430609268736
1362424233984 1073741824 36 1 431683010560 1 432756752384
1363497975808 1073741824 1 1 433830494208
1364571717632 1073741824 1 1 435977977856
1366719201280 1073741824 1 1 443494170624
1367792943104 1073741824 1 1 445641654272
1373161652224 1073741824 1 1 449936621568
1374235394048 1073741824 1 1 451010363392
1375309135872 1073741824 1 1 455305330688
1378530361344 1073741824 1 1 459600297984
1379604103168 1073741824 1 1 464969007104
1381751586816 1073741824 1 1 469263974400
1382825328640 1073741824 1 1 466042748928
1384972812288 1073741824 1 1 475706425344
1389267779584 1073741824 1 1 500402487296
1391415263232 1073741824 1 1 571269447680
1392489005056 1073741824 1 1 597039251456
1393562746880 1073741824 1 1 539057192960
1401078939648 1073741824 1 1 642136408064
1402152681472 1073741824 1 1 643210149888
1403226423296 1073741824 1 1 704413433856
1410742616064 1073741824 1 1 67684532224
1411816357888 1073741824 1 1 68758274048
1412890099712 1073741824 1 1 69832015872
1413963841536 1073741824 1 1 70905757696
1415037583360 1073741824 1 1 841852387328
1416111325184 1073741824 1 1 842926129152
1417185067008 1073741824 1 1 845073612800
1419332550656 1073741824 1 1 880507092992
1421480034304 1073741824 1 1 882654576640
1447249838080 1073741824 1 1 46209695744
1449397321728 1073741824 1 1 48357179392
1450471063552 1073741824 36 1 49430921216 1 50504663040
1451544805376 1073741824 1 1 51578404864
1452618547200 1073741824 36 1 52652146688 1 53725888512
1453692289024 1073741824 1 1 55873372160
1461208481792 1073741824 36 1 87011885056 1 88085626880
1468724674560 1073741824 1 1 92380594176
1469798416384 1073741824 1 1 93454336000
1482683318272 1073741824 1 1 161100070912
1483757060096 1073741824 1 1 163247554560
1484830801920 1073741824 1 1 164321296384
1485904543744 1073741824 1 1 62315823104
1486978285568 1073741824 1 1 81643175936
1488052027392 1073741824 1 1 84864401408
1489125769216 1073741824 1 1 89159368704
1490199511040 1073741824 1 1 90233110528
1491273252864 1073741824 1 1 91306852352
1492346994688 1073741824 1 1 166468780032
1495568220160 1073741824 1 1 189017358336
1496641961984 1073741824 1 1 192238583808
1497715703808 1073741824 1 1 195459809280
1498789445632 1073741824 1 1 198681034752
1499863187456 1073741824 1 1 199754776576
1500936929280 1073741824 1 1 200828518400
1502010671104 1073741824 1 1 586301833216
1504158154752 1073741824 1 1 588449316864
1505231896576 1073741824 1 1 591670542336
1506305638400 1073741824 1 1 601334218752
1508453122048 1073741824 1 1 671127437312
1512748089344 1073741824 1 1 705487175680
1513821831168 1073741824 1 1 740920655872
1514895572992 1073741824 1 1 741994397696
1515969314816 1073741824 1 1 744141881344
1517043056640 1073741824 1 1 745215623168
1519190540288 1073741824 1 1 747363106816
1521338023936 1073741824 36 1 768837943296 1 769911685120
1522411765760 1073741824 1 1 766690459648
1523485507584 1073741824 1 1 770985426944
1524559249408 1073741824 1 1 773132910592
1525632991232 1073741824 1 1 775280394240
1526706733056 1073741824 1 1 776354136064
1527780474880 1073741824 1 1 830041227264
1531001700352 1073741824 1 1 888023285760
1533149184000 1073741824 36 1 148215169024 1 149288910848
1534222925824 1073741824 1 1 95601819648
1535296667648 1073741824 1 1 12923699200
1536370409472 1073741824 1 1 13997441024
1541739118592 1073741824 1 1 139625234432
1542812860416 1073741824 1 1 144993943552
1543886602240 1073741824 1 1 153583878144
1544960344064 1073741824 1 1 156805103616
1546034085888 1073741824 1 1 157878845440
1547107827712 1073741824 1 1 17218666496
1550329053184 1073741824 1 1 98823045120
1553550278656 1073741824 1 1 481075134464
1554624020480 1073741824 1 1 495033778176
1555697762304 1073741824 1 1 499328745472
1556771504128 1073741824 1 1 623882797056
1557845245952 1073741824 1 1 631398989824
1558918987776 1073741824 1 1 665758728192
1559992729600 1073741824 1 1 686159822848
1561066471424 1073741824 1 1 687233564672
1563213955072 1073741824 1 1 701192208384
1565361438720 1073741824 1 1 811787616256
1566435180544 1073741824 1 1 812861358080
1567508922368 1073741824 1 1 827893743616
1571803889664 1073741824 1 1 879433351168
1572877631488 1073741824 1 1 881580834816
1575025115136 1073741824 1 1 892318253056
1576098856960 1073741824 1 1 896613220352
1577172598784 1073741824 1 1 897686962176
1579320082432 1073741824 1 1 832188710912
1580393824256 1073741824 1 1 900908187648
1581467566080 1073741824 1 1 904129413120
1583615049728 1073741824 1 1 911645605888
1585762533376 1073741824 1 1 913793089536
1586836275200 1073741824 1 1 914866831360
1587910017024 1073741824 1 1 915940573184
1588983758848 1073741824 1 1 917014315008
1590057500672 1073741824 1 1 918088056832
1591131242496 1073741824 1 1 919161798656
1592204984320 1073741824 1 1 920235540480
1593278726144 1073741824 1 1 921309282304
1595426209792 1073741824 1 1 924530507776
1597573693440 1073741824 1 1 929899216896
1601868660736 1073741824 1 1 935267926016
1602942402560 1073741824 1 1 936341667840
1605089886208 1073741824 1 1 938489151488
1610458595328 1073741824 1 1 946005344256
1612606078976 1073741824 1 1 949226569728
1613679820800 1073741824 1 1 950300311552
1617974788096 1073741824 1 1 961037729792
1619048529920 1073741824 1 1 963185213440
1620122271744 1073741824 1 1 934194184192
1626564722688 1073741824 1 1 947079086080
1630859689984 1073741824 1 1 969627664384
1631933431808 1073741824 1 1 970701406208
1633007173632 1073741824 1 1 971775148032
1637302140928 1073741824 1 1 994323726336
1644818333696 1073741824 1 1 997544951808
1645892075520 1073741824 1 1 998618693632
1649113300992 1073741824 1 1 940636635136
1650187042816 1073741824 1 1 859032256512
1651260784640 1073741824 1 1 891244511232
1652334526464 1073741824 1 1 925604249600
1653408268288 1073741824 1 1 937415409664
1654482010112 1073741824 1 1 587375575040
1655555751936 1073741824 1 1 941710376960
1657703235584 1073741824 1 1 959963987968
1658776977408 1073741824 1 1 964258955264
1660924461056 1073741824 1 1 988955017216
1661998202880 1073741824 1 1 991102500864
1664145686528 1073741824 1 1 996471209984
1666293170176 1073741824 1 1 1000766177280
1669514395648 1073741824 1 1 1003987402752
1670588137472 1073741824 1 1 1005061144576
1674883104768 1073741824 1 1 1009356111872
1677030588416 1073741824 1 1 1001839919104
1681325555712 1073741824 1 1 1012577337344
1682399297536 1073741824 1 1 1006134886400
1695284199424 1073741824 1 1 1015798562816
1697431683072 1073741824 1 1 1010429853696
1702800392192 1073741824 1 1 1014724820992
1707095359488 1073741824 1 1 1019019788288
1708169101312 1073741824 1 1 1002913660928
1711390326784 1073741824 1 1 1013651079168
1713537810432 1073741824 1 1 172911230976
1714611552256 1073741824 1 1 170763747328
1715685294080 1073741824 1 1 173984972800
1721054003200 1073741824 1 1 202976002048
1723201486848 1073741824 1 1 210492194816
1725348970496 1073741824 1 1 213713420288
1726422712320 1073741824 1 1 215860903936
1727496454144 1073741824 1 1 216934645760
1728570195968 1073741824 1 1 218008387584
1730717679616 1073741824 1 1 1007208628224
1731791421440 1073741824 1 1 219082129408
1733938905088 1073741824 1 1 1020093530112
1736086388736 876609536 1 1 1022241013760
1736962998272 1073741824 1 1 206197227520
1738036740096 1073741824 1 1 939562893312
1739110481920 1073741824 1 1 175058714624
1740184223744 1073741824 1 1 180427423744
1741257965568 1073741824 1 1 181501165568
1742331707392 1073741824 1 1 183648649216
1743405449216 1073741824 1 1 942784118784
1744479191040 1073741824 1 1 965332697088
1745552932864 1073741824 1 1 993249984512
1746626674688 1073741824 1 1 967480180736
1750921641984 12582912 1 1 1048576
1750934224896 536870912 36 1 999692435456 1 1000229306368
1751471095808 536870912 36 1 1008282370048 1 1008819240960
1752007966720 536870912 36 1 1021167271936 1 1021704142848
1752544837632 1073741824 36 1 186869874688 1 187943616512
1753618579456 1073741824 36 1 253441867776 1 254515609600
1755765538816 536870912 36 1 995397468160 1 995934339072
1756302409728 536870912 36 1 957816504320 1 958353375232
1756839280640 1073741824 36 1 932046700544 1 933120442368
1757913022464 1073741824 1 1 74126983168
1758986764288 1073741824 1 1 75200724992
1763281731584 1073741824 1 1 632472731648
1765429215232 1073741824 1 1 637841440768
1768650440704 1073741824 1 1 641062666240
1771871666176 1073741824 1 1 725888270336
1772945408000 1073741824 1 1 795681488896
1774019149824 1073741824 1 1 809640132608
1775092891648 1073741824 1 1 813935099904
1778314117120 1073741824 1 1 557310803968
1779387858944 1073741824 1 1 636767698944
1781535342592 1073741824 1 1 639988924416
1782609084416 1073741824 1 1 650726342656
1783682826240 1073741824 1 1 692602273792
1785830309888 1073741824 1 1 838631161856
1786904051712 1073741824 1 1 839704903680
1789051535360 1073741824 1 1 951374053376
1791199019008 1073741824 1 1 528319774720
1792272760832 1073741824 1 1 330751279104
1794420244480 1073741824 1 1 860105998336
1795493986304 1073741824 1 1 837557420032
1796601282560 1073741824 1 1 40840986624
1797675024384 1073741824 1 1 42988470272
1799822508032 1073741824 1 1 56947113984
1800896249856 1073741824 1 1 58020855808
1801969991680 1073741824 1 1 59094597632
1803043733504 1073741824 1 1 61242081280
1804117475328 1073741824 1 1 80569434112
1805191217152 1073741824 1 1 97749303296
1806264958976 1073741824 1 1 160026329088
1808412442624 1073741824 1 1 424166817792
1809486184448 1073741824 1 1 425240559616
1810559926272 1073741824 1 1 426314301440
1818076119040 1073741824 1 1 461747781632
1819149860864 1073741824 1 1 473558941696
1820223602688 1073741824 1 1 638915182592
1821297344512 1073741824 1 1 653947568128
1822371086336 1073741824 1 1 672201179136
1824518569984 1073741824 1 1 738773172224
1830961020928 1073741824 1 1 886949543936
1832034762752 1073741824 1 1 889097027584
1845926297600 1073741824 1 1 912719347712
1848073781248 1073741824 1 1 803197681664
1849147523072 1073741824 1 1 212639678464
1850221264896 1073741824 1 1 846147354624
1851295006720 1073741824 1 1 923456765952
1854516232192 1073741824 1 1 427388043264
1856663715840 1073741824 1 1 390880821248
1859884941312 1073741824 1 1 448862879744
1863106166784 1073741824 1 1 729109495808
1864179908608 1073741824 1 1 47283437568
1870622359552 1073741824 1 1 890170769408
1874917326848 1073741824 1 1 439199203328
1878138552320 1073741824 1 1 906276896768
1879212294144 1073741824 1 1 456379072512
1881359777792 1073741824 1 1 1011503595520
1884581003264 1073741824 1 1 894465736704
1885654745088 1073741824 1 1 898760704000
1886728486912 1006632960 1 1 18359517184
1887735119872 16777216 1 1 22020096
1887751897088 1073741824 1 1 434904236032
1889899380736 1073741824 1 1 739846914048
1890973122560 1073741824 1 1 765616717824
1892046864384 1073741824 1 1 883728318464
1893120606208 1073741824 1 1 457452814336
1894194348032 1073741824 1 1 1016872304640
1895268089856 1073741824 1 1 1017946046464
1896341831680 536870912 36 1 715150852096 1 715687723008
1896878702592 1073741824 1 1 717298335744
